0
9
10
-1
11
28
22
36
35
18
23
17
7
-7
2
14
4
-9
1
-8
-4
-21
-32
-15
5
-10
-23
-6
-16
3
-12
-2
-5
-19
-22
-28
-46
-60
-59
-78
-67
-79
-62
-64
-72
-56
-41
-35
-36
-30
-47
-27
-33
-52
-70
-71
-68
-87
-103
-92
-97
-81
-86
-88
-99
-100
-102
-93
-101
-109
-120
-139
-145
-159
-146
-160
-167
-173
-157
-172
-164
-165
-179
-177
-169
-188
-186
-183
-199
-193
-202
-208
-222
-204
-200
-191
-190
-187
-197
-184
-201
-185
-166
-148
-128
-124
-133
-149
-131
-141
-126
-138
-122
-137
-119
-110
-95
-111
-108
-107
-121
-123
-105
-118
-129
-114
-98
-116
-117
-127
-115
-85
-73
-66
-69
-63
-54
-51
-39
-57
-53
-40
-38
-50
-37
-31
-25
-20
-43
-42
-26
-48
-45
-55
-75
-82
-94
-96
-84
-76
-89
-91
-106
-112
-125
-113
-104
-83
-74
-80
-58
-61
-49
-44
-29
-13
-24
-11
-3
16
15
21
24
33
43
58
54
63
67
69
64
49
48
53
68
50
39
26
32
19
8
6
25
44
60
41
47
65
79
85
74
81
82
70
87
103
110
127
146
142
158
163
150
145
132
139
131
133
129
143
125
112
102
96
94
115
100
104
101
95
89
92
88
105
98
99
113
122
138
141
126
124
128
117
106
91
107
93
108
116
111
97
83
75
71
56
59
40
34
29
12
42
51
55
57
72
90
86
84
78
62
76
66
61
80
118
134
130
137
148
167
170
179
168
186
176
180
169
157
156
152
166
160
171
187
201
208
210
213
196
214
229
220
227
236
232
242
243
255
254
235
217
207
200
195
183
202
206
218
222
205
199
193
172
161
162
164
151
144
154
147
153
159
175
165
181
194
177
198
191
184
197
185
192
178
174
173
155
149
121
109
119
136
123
120
140
135
204
188
190
182
209
211
228
216
225
230
250
245
253
247
266
257
264
270
282
295
299
312
324
329
348
362
363
356
347
337
344
335
318
304
296
307
326
331
313
311
293
289
291
309
321
328
317
310
290
277
261
260
267
252
248
233
246
234
251
259
240
258
273
262
244
226
223
239
256
238
219
212
215
224
237
221
203
189
231
263
275
276
294
274
268
279
272
286
306
297
314
301
315
323
316
325
305
308
292
287
302
319
320
336
332
345
361
359
364
379
387
365
381
398
385
369
372
370
380
366
374
392
378
360
354
352
353
349
342
338
340
355
373
358
367
376
371
394
410
395
408
401
412
396
416
409
422
436
438
447
428
443
448
454
439
434
415
437
427
429
455
458
446
460
420
435
432
450
500
525
572
556
603
620
621
627
617
610
628
636
642
667
663
704
576
573
513
419
414
377
357
334
346
339
351
343
350
333
327
322
285
284
298
280
281
300
288
271
265
283
303
278
269
330
341
456
383
440
375
384
241
249
1225
83480
83483
83473
83465
83447
83440
83454
83448
83445
83442
83460
83459
83453
83444
83461
83467
83457
83472
83477
83497
83507
83524
83513
83494
83509
83501
83491
83502
83521
83527
83529
83532
83528
83543
83553
83564
83570
83583
83598
83580
83595
83582
83576
83585
83575
83559
83551
83573
83592
83607
83614
83616
83630
83611
83624
83625
83621
83615
83613
83600
83584
83594
83601
83593
83612
83597
83591
83577
83590
83569
83565
83548
83558
83571
83557
83561
83555
83563
83579
83560
83552
83542
83539
83522
83534
83546
83567
83568
83566
83572
83586
83604
83608
83626
83610
83619
83632
83647
83659
83661
83655
83651
83669
83684
83674
83658
83675
83660
83680
83699
83718
83721
83702
83712
83697
83713
83716
83714
83700
83708
83709
83705
83703
83710
83690
83679
83689
83687
83670
83676
83667
83653
83646
83631
83644
83663
83681
83698
83706
83704
83694
83683
83692
83677
83686
83682
83673
83691
83707
83711
83724
83723
83728
83731
83734
83751
83748
83755
83742
83760
83744
83749
83766
83784
83798
83785
83769
83778
83761
83768
83773
83771
83756
83736
83739
83747
83746
83752
83745
83735
83729
83733
83725
83740
83741
83730
83732
83738
83753
83770
83759
83775
83787
83792
83806
83801
83782
83799
83819
83803
83815
83804
83821
83828
83846
83856
83844
83857
83841
83859
83876
83866
83853
83843
83830
83840
83850
83863
83862
83871
83872
83858
83865
83861
83870
83868
83849
83834
83835
83832
83826
83816
83823
83822
83820
83802
83814
83795
83789
83797
83805
83794
83790
83779
83772
83776
83793
83808
83813
83829
83833
83831
83848
83824
83842
83851
83845
83839
83811
83788
83777
83764
83786
83765
83762
83780
83758
83763
83754
83781
83791
83807
83818
83827
83847
83869
83867
83884
83874
83880
83873
83877
83883
83902
83907
83899
83901
83911
83925
83912
83893
83888
83904
83917
83908
83927
83942
83954
83962
83949
83931
83945
83940
83948
83934
83930
83935
83950
83959
83977
83991
83981
83968
83967
83975
83970
83952
83963
83956
83944
83961
83943
83923
83941
83932
83915
83924
83933
83946
83965
83960
83958
83938
83937
83955
83973
83988
83985
83999
83994
84005
83987
84003
84020
84021
84040
84041
84060
84072
84083
84098
84107
84109
84126
84121
84115
84110
84090
84100
84101
84096
84079
84076
84058
84071
84089
84082
84093
84088
84075
84077
84094
84095
84104
84086
84102
84128
84146
84139
84152
84135
84171
84189
84193
84212
84225
84207
84195
84210
84226
84230
84233
84227
84242
84231
84247
84261
84254
84232
84238
84240
84235
84255
84258
84262
84256
84275
84286
84268
84291
84283
84305
84310
84327
84316
84309
84312
84357
84340
84333
84364
84347
84373
84386
84400
84390
84402
84415
84428
84444
84426
84442
84469
590
